   0.0000000e+00   3.6000000e+02   0.0000000e+00   4.3365534e+02   1.9548176e+02
   3.0000000e+01   3.6000000e+02   0.0000000e+00   4.3843669e+02   2.0853272e+02
   6.0000000e+01   3.6000000e+02   0.0000000e+00   4.4331397e+02   2.2219207e+02
   9.0000000e+01   3.6000000e+02   0.0000000e+00   4.4847736e+02   2.3654429e+02
   1.2000000e+02   3.6000000e+02   0.0000000e+00   4.5352791e+02   2.5169276e+02
   1.5000000e+02   3.6000000e+02   0.0000000e+00   4.5945301e+02   2.6786608e+02
   1.8000000e+02   3.6000000e+02   0.0000000e+00   4.6495102e+02   2.8451491e+02
   2.1000000e+02   3.6000000e+02   0.0000000e+00   4.7154774e+02   3.0273850e+02
   2.4000000e+02   3.6000000e+02   0.0000000e+00   4.7769425e+02   3.2168130e+02
   2.7000000e+02   3.6000000e+02   0.0000000e+00   4.8479716e+02   3.4185006e+02
   3.0000000e+02   3.6000000e+02   0.0000000e+00   4.9161953e+02   3.6318976e+02
   3.3000000e+02   3.6000000e+02   0.0000000e+00   4.9958986e+02   3.8584106e+02
   0.0000000e+00   3.3000000e+02   0.0000000e+00   4.1283234e+02   1.9397392e+02
   3.0000000e+01   3.3000000e+02   0.0000000e+00   4.1669035e+02   2.0697413e+02
   6.0000000e+01   3.3000000e+02   0.0000000e+00   4.2140090e+02   2.2076727e+02
   9.0000000e+01   3.3000000e+02   0.0000000e+00   4.2570801e+02   2.3528027e+02
   1.2000000e+02   3.3000000e+02   0.0000000e+00   4.3065211e+02   2.5050811e+02
   1.5000000e+02   3.3000000e+02   0.0000000e+00   4.3543269e+02   2.6653752e+02
   1.8000000e+02   3.3000000e+02   0.0000000e+00   4.4096078e+02   2.8371601e+02
   2.1000000e+02   3.3000000e+02   0.0000000e+00   4.4640439e+02   3.0179869e+02
   2.4000000e+02   3.3000000e+02   0.0000000e+00   4.5250022e+02   3.2116084e+02
   2.7000000e+02   3.3000000e+02   0.0000000e+00   4.5831704e+02   3.4139453e+02
   3.0000000e+02   3.3000000e+02   0.0000000e+00   4.6504966e+02   3.6296759e+02
   3.3000000e+02   3.3000000e+02   0.0000000e+00   4.7139578e+02   3.8579134e+02
   0.0000000e+00   3.0000000e+02   0.0000000e+00   3.9152702e+02   1.9239148e+02
   3.0000000e+01   3.0000000e+02   0.0000000e+00   3.9527096e+02   2.0563497e+02
   6.0000000e+01   3.0000000e+02   0.0000000e+00   3.9892936e+02   2.1945712e+02
   9.0000000e+01   3.0000000e+02   0.0000000e+00   4.0308921e+02   2.3387723e+02
   1.2000000e+02   3.0000000e+02   0.0000000e+00   4.0717422e+02   2.4934627e+02
   1.5000000e+02   3.0000000e+02   0.0000000e+00   4.1164983e+02   2.6559616e+02
   1.8000000e+02   3.0000000e+02   0.0000000e+00   4.1604696e+02   2.8246608e+02
   2.1000000e+02   3.0000000e+02   0.0000000e+00   4.2129219e+02   3.0105170e+02
   2.4000000e+02   3.0000000e+02   0.0000000e+00   4.2607217e+02   3.2017617e+02
   2.7000000e+02   3.0000000e+02   0.0000000e+00   4.3189562e+02   3.4075025e+02
   3.0000000e+02   3.0000000e+02   0.0000000e+00   4.3715258e+02   3.6245857e+02
   3.3000000e+02   3.0000000e+02   0.0000000e+00   4.4359240e+02   3.8580291e+02
   0.0000000e+00   2.7000000e+02   0.0000000e+00   3.7014018e+02   1.9100570e+02
   3.0000000e+01   2.7000000e+02   0.0000000e+00   3.7289710e+02   2.0400232e+02
   6.0000000e+01   2.7000000e+02   0.0000000e+00   3.7629049e+02   2.1796110e+02
   9.0000000e+01   2.7000000e+02   0.0000000e+00   3.7960939e+02   2.3241673e+02
   1.2000000e+02   2.7000000e+02   0.0000000e+00   3.8326671e+02   2.4793402e+02
   1.5000000e+02   2.7000000e+02   0.0000000e+00   3.8676607e+02   2.6418086e+02
   1.8000000e+02   2.7000000e+02   0.0000000e+00   3.9100337e+02   2.8163173e+02
   2.1000000e+02   2.7000000e+02   0.0000000e+00   3.9495220e+02   2.9994072e+02
   2.4000000e+02   2.7000000e+02   0.0000000e+00   3.9971657e+02   3.1952482e+02
   2.7000000e+02   2.7000000e+02   0.0000000e+00   4.0402605e+02   3.4012016e+02
   3.0000000e+02   2.7000000e+02   0.0000000e+00   4.0917886e+02   3.6213484e+02
   3.3000000e+02   2.7000000e+02   0.0000000e+00   4.1397013e+02   3.8555978e+02
   0.0000000e+00   2.4000000e+02   0.0000000e+00   3.4814607e+02   1.8948622e+02
   3.0000000e+01   2.4000000e+02   0.0000000e+00   3.5059632e+02   2.0259891e+02
   6.0000000e+01   2.4000000e+02   0.0000000e+00   3.5312258e+02   2.1651781e+02
   9.0000000e+01   2.4000000e+02   0.0000000e+00   3.5615591e+02   2.3133768e+02
   1.2000000e+02   2.4000000e+02   0.0000000e+00   3.5874864e+02   2.4657380e+02
   1.5000000e+02   2.4000000e+02   0.0000000e+00   3.6216360e+02   2.6323410e+02
   1.8000000e+02   2.4000000e+02   0.0000000e+00   3.6504215e+02   2.8031636e+02
   2.1000000e+02   2.4000000e+02   0.0000000e+00   3.6878242e+02   2.9907477e+02
   2.4000000e+02   2.4000000e+02   0.0000000e+00   3.7214669e+02   3.1846690e+02
   2.7000000e+02   2.4000000e+02   0.0000000e+00   3.7637907e+02   3.3951232e+02
   3.0000000e+02   2.4000000e+02   0.0000000e+00   3.8008122e+02   3.6162579e+02
   3.3000000e+02   2.4000000e+02   0.0000000e+00   3.8460373e+02   3.8528626e+02
   0.0000000e+00   2.1000000e+02   0.0000000e+00   3.2616488e+02   1.8793727e+02
   3.0000000e+01   2.1000000e+02   0.0000000e+00   3.2798287e+02   2.0137112e+02
   6.0000000e+01   2.1000000e+02   0.0000000e+00   3.2995943e+02   2.1535623e+02
   9.0000000e+01   2.1000000e+02   0.0000000e+00   3.3214462e+02   2.2982261e+02
   1.2000000e+02   2.1000000e+02   0.0000000e+00   3.3447978e+02   2.4545311e+02
   1.5000000e+02   2.1000000e+02   0.0000000e+00   3.3662961e+02   2.6180230e+02
   1.8000000e+02   2.1000000e+02   0.0000000e+00   3.3927206e+02   2.7938307e+02
   2.1000000e+02   2.1000000e+02   0.0000000e+00   3.4166807e+02   2.9784970e+02
   2.4000000e+02   2.1000000e+02   0.0000000e+00   3.4478301e+02   3.1767246e+02
   2.7000000e+02   2.1000000e+02   0.0000000e+00   3.4754610e+02   3.3847961e+02
   3.0000000e+02   2.1000000e+02   0.0000000e+00   3.5088274e+02   3.6091861e+02
   3.3000000e+02   2.1000000e+02   0.0000000e+00   3.5374650e+02   3.8460109e+02
   0.0000000e+00   1.8000000e+02   0.0000000e+00   3.0360063e+02   1.8653737e+02
   3.0000000e+01   1.8000000e+02   0.0000000e+00   3.0508984e+02   1.9982361e+02
   6.0000000e+01   1.8000000e+02   0.0000000e+00   3.0632747e+02   2.1373798e+02
   9.0000000e+01   1.8000000e+02   0.0000000e+00   3.0793648e+02   2.2842746e+02
   1.2000000e+02   1.8000000e+02   0.0000000e+00   3.0933480e+02   2.4395529e+02
   1.5000000e+02   1.8000000e+02   0.0000000e+00   3.1109865e+02   2.6048636e+02
   1.8000000e+02   1.8000000e+02   0.0000000e+00   3.1260347e+02   2.7795492e+02
   2.1000000e+02   1.8000000e+02   0.0000000e+00   3.1456732e+02   2.9670590e+02
   2.4000000e+02   1.8000000e+02   0.0000000e+00   3.1642794e+02   3.1645093e+02
   2.7000000e+02   1.8000000e+02   0.0000000e+00   3.1880333e+02   3.3768398e+02
   3.0000000e+02   1.8000000e+02   0.0000000e+00   3.2075576e+02   3.5995479e+02
   3.3000000e+02   1.8000000e+02   0.0000000e+00   3.2336687e+02   3.8399099e+02
   0.0000000e+00   1.5000000e+02   0.0000000e+00   2.8137132e+02   1.8533512e+02
   3.0000000e+01   1.5000000e+02   0.0000000e+00   2.8185408e+02   1.9838651e+02
   6.0000000e+01   1.5000000e+02   0.0000000e+00   2.8263931e+02   2.1235254e+02
   9.0000000e+01   1.5000000e+02   0.0000000e+00   2.8341744e+02   2.2720432e+02
   1.2000000e+02   1.5000000e+02   0.0000000e+00   2.8434596e+02   2.4261643e+02
   1.5000000e+02   1.5000000e+02   0.0000000e+00   2.8511150e+02   2.5938244e+02
   1.8000000e+02   1.5000000e+02   0.0000000e+00   2.8605930e+02   2.7668267e+02
   2.1000000e+02   1.5000000e+02   0.0000000e+00   2.8692564e+02   2.9564840e+02
   2.4000000e+02   1.5000000e+02   0.0000000e+00   2.8834366e+02   3.1552822e+02
   2.7000000e+02   1.5000000e+02   0.0000000e+00   2.8925926e+02   3.3645979e+02
   3.0000000e+02   1.5000000e+02   0.0000000e+00   2.9073554e+02   3.5924546e+02
   3.3000000e+02   1.5000000e+02   0.0000000e+00   2.9169388e+02   3.8321843e+02
   0.0000000e+00   1.2000000e+02   0.0000000e+00   2.5854764e+02   1.8385165e+02
   3.0000000e+01   1.2000000e+02   0.0000000e+00   2.5877993e+02   1.9723568e+02
   6.0000000e+01   1.2000000e+02   0.0000000e+00   2.5867278e+02   2.1114726e+02
   9.0000000e+01   1.2000000e+02   0.0000000e+00   2.5897274e+02   2.2577667e+02
   1.2000000e+02   1.2000000e+02   0.0000000e+00   2.5883311e+02   2.4148732e+02
   1.5000000e+02   1.2000000e+02   0.0000000e+00   2.5913353e+02   2.5792756e+02
   1.8000000e+02   1.2000000e+02   0.0000000e+00   2.5906527e+02   2.7555883e+02
   2.1000000e+02   1.2000000e+02   0.0000000e+00   2.5927208e+02   2.9429902e+02
   2.4000000e+02   1.2000000e+02   0.0000000e+00   2.5944869e+02   3.1417862e+02
   2.7000000e+02   1.2000000e+02   0.0000000e+00   2.5986630e+02   3.3553314e+02
   3.0000000e+02   1.2000000e+02   0.0000000e+00   2.5990728e+02   3.5803252e+02
   3.3000000e+02   1.2000000e+02   0.0000000e+00   2.6044694e+02   3.8225180e+02
   0.0000000e+00   9.0000000e+01   0.0000000e+00   2.3604707e+02   1.8253729e+02
   3.0000000e+01   9.0000000e+01   0.0000000e+00   2.3544534e+02   1.9576018e+02
   6.0000000e+01   9.0000000e+01   0.0000000e+00   2.3487562e+02   2.0977396e+02
   9.0000000e+01   9.0000000e+01   0.0000000e+00   2.3422102e+02   2.2444868e+02
   1.2000000e+02   9.0000000e+01   0.0000000e+00   2.3358797e+02   2.3997126e+02
   1.5000000e+02   9.0000000e+01   0.0000000e+00   2.3275014e+02   2.5657715e+02
   1.8000000e+02   9.0000000e+01   0.0000000e+00   2.3219698e+02   2.7405056e+02
   2.1000000e+02   9.0000000e+01   0.0000000e+00   2.3126081e+02   2.9302215e+02
   2.4000000e+02   9.0000000e+01   0.0000000e+00   2.3087015e+02   3.1299466e+02
   2.7000000e+02   9.0000000e+01   0.0000000e+00   2.2982398e+02   3.3415471e+02
   3.0000000e+02   9.0000000e+01   0.0000000e+00   2.2944800e+02   3.5684091e+02
   3.3000000e+02   9.0000000e+01   0.0000000e+00   2.2837898e+02   3.8117185e+02
   0.0000000e+00   6.0000000e+01   0.0000000e+00   2.1309568e+02   1.8137029e+02
   3.0000000e+01   6.0000000e+01   0.0000000e+00   2.1216552e+02   1.9445098e+02
   6.0000000e+01   6.0000000e+01   0.0000000e+00   2.1060499e+02   2.0841518e+02
   9.0000000e+01   6.0000000e+01   0.0000000e+00   2.0947982e+02   2.2327228e+02
   1.2000000e+02   6.0000000e+01   0.0000000e+00   2.0778526e+02   2.3865805e+02
   1.5000000e+02   6.0000000e+01   0.0000000e+00   2.0653652e+02   2.5540110e+02
   1.8000000e+02   6.0000000e+01   0.0000000e+00   2.0476976e+02   2.7273983e+02
   2.1000000e+02   6.0000000e+01   0.0000000e+00   2.0334189e+02   2.9169466e+02
   2.4000000e+02   6.0000000e+01   0.0000000e+00   2.0165490e+02   3.1168996e+02
   2.7000000e+02   6.0000000e+01   0.0000000e+00   2.0005276e+02   3.3280185e+02
   3.0000000e+02   6.0000000e+01   0.0000000e+00   1.9831042e+02   3.5561157e+02
   3.3000000e+02   6.0000000e+01   0.0000000e+00   1.9662357e+02   3.7978343e+02
   0.0000000e+00   3.0000000e+01   0.0000000e+00   1.9055522e+02   1.7999512e+02
   3.0000000e+01   3.0000000e+01   0.0000000e+00   1.8868562e+02   1.9334336e+02
   6.0000000e+01   3.0000000e+01   0.0000000e+00   1.8672876e+02   2.0726032e+02
   9.0000000e+01   3.0000000e+01   0.0000000e+00   1.8462417e+02   2.2186105e+02
   1.2000000e+02   3.0000000e+01   0.0000000e+00   1.8257579e+02   2.3748276e+02
   1.5000000e+02   3.0000000e+01   0.0000000e+00   1.8027655e+02   2.5393261e+02
   1.8000000e+02   3.0000000e+01   0.0000000e+00   1.7794950e+02   2.7150836e+02
   2.1000000e+02   3.0000000e+01   0.0000000e+00   1.7535842e+02   2.9017730e+02
   2.4000000e+02   3.0000000e+01   0.0000000e+00   1.7311302e+02   3.1005446e+02
   2.7000000e+02   3.0000000e+01   0.0000000e+00   1.7001529e+02   3.3149855e+02
   3.0000000e+02   3.0000000e+01   0.0000000e+00   1.6770034e+02   3.5397783e+02
   3.3000000e+02   3.0000000e+01   0.0000000e+00   1.6462931e+02   3.7831470e+02
   0.0000000e+00   0.0000000e+00   0.0000000e+00   1.6768838e+02   1.7893292e+02
   3.0000000e+01   0.0000000e+00   0.0000000e+00   1.6551532e+02   1.9193710e+02
   6.0000000e+01   0.0000000e+00   0.0000000e+00   1.6264113e+02   2.0589177e+02
   9.0000000e+01   0.0000000e+00   0.0000000e+00   1.6011283e+02   2.2046030e+02
   1.2000000e+02   0.0000000e+00   0.0000000e+00   1.5695699e+02   2.3605516e+02
   1.5000000e+02   0.0000000e+00   0.0000000e+00   1.5426735e+02   2.5250436e+02
   1.8000000e+02   0.0000000e+00   0.0000000e+00   1.5066995e+02   2.7003071e+02
   2.1000000e+02   0.0000000e+00   0.0000000e+00   1.4747861e+02   2.8868250e+02
   2.4000000e+02   0.0000000e+00   0.0000000e+00   1.4408383e+02   3.0868033e+02
   2.7000000e+02   0.0000000e+00   0.0000000e+00   1.4038599e+02   3.2981256e+02
   3.0000000e+02   0.0000000e+00   0.0000000e+00   1.3659874e+02   3.5239611e+02
   3.3000000e+02   0.0000000e+00   0.0000000e+00   1.3293159e+02   3.7665823e+02
