   0.0000000e+00   3.6000000e+02   0.0000000e+00   5.6274444e+02   8.6364635e+01
   3.0000000e+01   3.6000000e+02   0.0000000e+00   5.6278892e+02   1.0699390e+02
   6.0000000e+01   3.6000000e+02   0.0000000e+00   5.6258209e+02   1.2795378e+02
   9.0000000e+01   3.6000000e+02   0.0000000e+00   5.6247351e+02   1.5114156e+02
   1.2000000e+02   3.6000000e+02   0.0000000e+00   5.6170960e+02   1.7471964e+02
   1.5000000e+02   3.6000000e+02   0.0000000e+00   5.6126585e+02   2.0132811e+02
   1.8000000e+02   3.6000000e+02   0.0000000e+00   5.5999746e+02   2.2796800e+02
   2.1000000e+02   3.6000000e+02   0.0000000e+00   5.5888022e+02   2.5815481e+02
   2.4000000e+02   3.6000000e+02   0.0000000e+00   5.5714112e+02   2.8889114e+02
   2.7000000e+02   3.6000000e+02   0.0000000e+00   5.5542697e+02   3.2255091e+02
   3.0000000e+02   3.6000000e+02   0.0000000e+00   5.5271421e+02   3.5758308e+02
   3.3000000e+02   3.6000000e+02   0.0000000e+00   5.5009791e+02   3.9547557e+02
   0.0000000e+00   3.3000000e+02   0.0000000e+00   5.3307767e+02   8.8680106e+01
   3.0000000e+01   3.3000000e+02   0.0000000e+00   5.3203116e+02   1.0820707e+02
   6.0000000e+01   3.3000000e+02   0.0000000e+00   5.3093250e+02   1.2986452e+02
   9.0000000e+01   3.3000000e+02   0.0000000e+00   5.2977339e+02   1.5195512e+02
   1.2000000e+02   3.3000000e+02   0.0000000e+00   5.2836674e+02   1.7629554e+02
   1.5000000e+02   3.3000000e+02   0.0000000e+00   5.2654322e+02   2.0143613e+02
   1.8000000e+02   3.3000000e+02   0.0000000e+00   5.2442264e+02   2.2882925e+02
   2.1000000e+02   3.3000000e+02   0.0000000e+00   5.2194976e+02   2.5761870e+02
   2.4000000e+02   3.3000000e+02   0.0000000e+00   5.1941212e+02   2.8870362e+02
   2.7000000e+02   3.3000000e+02   0.0000000e+00   5.1595759e+02   3.2115075e+02
   3.0000000e+02   3.3000000e+02   0.0000000e+00   5.1259056e+02   3.5610194e+02
   3.3000000e+02   3.3000000e+02   0.0000000e+00   5.0816430e+02   3.9263915e+02
   0.0000000e+00   3.0000000e+02   0.0000000e+00   5.0388889e+02   9.0186610e+01
   3.0000000e+01   3.0000000e+02   0.0000000e+00   5.0218461e+02   1.1036995e+02
   6.0000000e+01   3.0000000e+02   0.0000000e+00   5.0016666e+02   1.3104841e+02
   9.0000000e+01   3.0000000e+02   0.0000000e+00   4.9789330e+02   1.5361773e+02
   1.2000000e+02   3.0000000e+02   0.0000000e+00   4.9563110e+02   1.7695997e+02
   1.5000000e+02   3.0000000e+02   0.0000000e+00   4.9286015e+02   2.0246544e+02
   1.8000000e+02   3.0000000e+02   0.0000000e+00   4.8967209e+02   2.2879939e+02
   2.1000000e+02   3.0000000e+02   0.0000000e+00   4.8637364e+02   2.5774763e+02
   2.4000000e+02   3.0000000e+02   0.0000000e+00   4.8236556e+02   2.8780592e+02
   2.7000000e+02   3.0000000e+02   0.0000000e+00   4.7841552e+02   3.1995879e+02
   3.0000000e+02   3.0000000e+02   0.0000000e+00   4.7327456e+02   3.5400296e+02
   3.3000000e+02   3.0000000e+02   0.0000000e+00   4.6841986e+02   3.9019148e+02
   0.0000000e+00   2.7000000e+02   0.0000000e+00   4.7523820e+02   9.2513963e+01
   3.0000000e+01   2.7000000e+02   0.0000000e+00   4.7257477e+02   1.1184816e+02
   6.0000000e+01   2.7000000e+02   0.0000000e+00   4.6979035e+02   1.3288253e+02
   9.0000000e+01   2.7000000e+02   0.0000000e+00   4.6661283e+02   1.5464232e+02
   1.2000000e+02   2.7000000e+02   0.0000000e+00   4.6355850e+02   1.7830492e+02
   1.5000000e+02   2.7000000e+02   0.0000000e+00   4.5963648e+02   2.0285361e+02
   1.8000000e+02   2.7000000e+02   0.0000000e+00   4.5559476e+02   2.2944742e+02
   2.1000000e+02   2.7000000e+02   0.0000000e+00   4.5111428e+02   2.5752684e+02
   2.4000000e+02   2.7000000e+02   0.0000000e+00   4.4647031e+02   2.8730472e+02
   2.7000000e+02   2.7000000e+02   0.0000000e+00   4.4079801e+02   3.1861810e+02
   3.0000000e+02   2.7000000e+02   0.0000000e+00   4.3525287e+02   3.5218360e+02
   3.3000000e+02   2.7000000e+02   0.0000000e+00   4.2872165e+02   3.8745730e+02
   0.0000000e+00   2.4000000e+02   0.0000000e+00   4.4726157e+02   9.4387216e+01
   3.0000000e+01   2.4000000e+02   0.0000000e+00   4.4369061e+02   1.1405998e+02
   6.0000000e+01   2.4000000e+02   0.0000000e+00   4.4031388e+02   1.3444121e+02
   9.0000000e+01   2.4000000e+02   0.0000000e+00   4.3618158e+02   1.5637206e+02
   1.2000000e+02   2.4000000e+02   0.0000000e+00   4.3220410e+02   1.7931980e+02
   1.5000000e+02   2.4000000e+02   0.0000000e+00   4.2763945e+02   2.0382992e+02
   1.8000000e+02   2.4000000e+02   0.0000000e+00   4.2237653e+02   2.2961325e+02
   2.1000000e+02   2.4000000e+02   0.0000000e+00   4.1727894e+02   2.5744872e+02
   2.4000000e+02   2.4000000e+02   0.0000000e+00   4.1132869e+02   2.8642397e+02
   2.7000000e+02   2.4000000e+02   0.0000000e+00   4.0526330e+02   3.1747476e+02
   3.0000000e+02   2.4000000e+02   0.0000000e+00   3.9825130e+02   3.4995722e+02
   3.3000000e+02   2.4000000e+02   0.0000000e+00   3.9124739e+02   3.8451840e+02
   0.0000000e+00   2.1000000e+02   0.0000000e+00   4.1977265e+02   9.6754178e+01
   3.0000000e+01   2.1000000e+02   0.0000000e+00   4.1561526e+02   1.1585364e+02
   6.0000000e+01   2.1000000e+02   0.0000000e+00   4.1146945e+02   1.3628907e+02
   9.0000000e+01   2.1000000e+02   0.0000000e+00   4.0651481e+02   1.5764330e+02
   1.2000000e+02   2.1000000e+02   0.0000000e+00   4.0183030e+02   1.8044006e+02
   1.5000000e+02   2.1000000e+02   0.0000000e+00   3.9634153e+02   2.0450710e+02
   1.8000000e+02   2.1000000e+02   0.0000000e+00   3.9041298e+02   2.3002921e+02
   2.1000000e+02   2.1000000e+02   0.0000000e+00   3.8404966e+02   2.5728899e+02
   2.4000000e+02   2.1000000e+02   0.0000000e+00   3.7766526e+02   2.8577155e+02
   2.7000000e+02   2.1000000e+02   0.0000000e+00   3.7041108e+02   3.1591403e+02
   3.0000000e+02   2.1000000e+02   0.0000000e+00   3.6307414e+02   3.4791857e+02
   3.3000000e+02   2.1000000e+02   0.0000000e+00   3.5454336e+02   3.8163236e+02
   0.0000000e+00   1.8000000e+02   0.0000000e+00   3.9306834e+02   9.8867510e+01
   3.0000000e+01   1.8000000e+02   0.0000000e+00   3.8830939e+02   1.1810416e+02
   6.0000000e+01   1.8000000e+02   0.0000000e+00   3.8331753e+02   1.3796992e+02
   9.0000000e+01   1.8000000e+02   0.0000000e+00   3.7764470e+02   1.5932883e+02
   1.2000000e+02   1.8000000e+02   0.0000000e+00   3.7228122e+02   1.8165661e+02
   1.5000000e+02   1.8000000e+02   0.0000000e+00   3.6613680e+02   2.0544511e+02
   1.8000000e+02   1.8000000e+02   0.0000000e+00   3.5927481e+02   2.3034926e+02
   2.1000000e+02   1.8000000e+02   0.0000000e+00   3.5251768e+02   2.5719169e+02
   2.4000000e+02   1.8000000e+02   0.0000000e+00   3.4490589e+02   2.8509336e+02
   2.7000000e+02   1.8000000e+02   0.0000000e+00   3.3733833e+02   3.1459045e+02
   3.0000000e+02   1.8000000e+02   0.0000000e+00   3.2869528e+02   3.4569928e+02
   3.3000000e+02   1.8000000e+02   0.0000000e+00   3.2014792e+02   3.7854539e+02
   0.0000000e+00   1.5000000e+02   0.0000000e+00   3.6713879e+02   1.0132322e+02
   3.0000000e+01   1.5000000e+02   0.0000000e+00   3.6173491e+02   1.2004209e+02
   6.0000000e+01   1.5000000e+02   0.0000000e+00   3.5619085e+02   1.3990903e+02
   9.0000000e+01   1.5000000e+02   0.0000000e+00   3.4969766e+02   1.6075555e+02
   1.2000000e+02   1.5000000e+02   0.0000000e+00   3.4375718e+02   1.8285282e+02
   1.5000000e+02   1.5000000e+02   0.0000000e+00   3.3671653e+02   2.0621252e+02
   1.8000000e+02   1.5000000e+02   0.0000000e+00   3.2949345e+02   2.3070230e+02
   2.1000000e+02   1.5000000e+02   0.0000000e+00   3.2171706e+02   2.5688743e+02
   2.4000000e+02   1.5000000e+02   0.0000000e+00   3.1381612e+02   2.8429500e+02
   2.7000000e+02   1.5000000e+02   0.0000000e+00   3.0514821e+02   3.1319966e+02
   3.0000000e+02   1.5000000e+02   0.0000000e+00   2.9638126e+02   3.4364005e+02
   3.3000000e+02   1.5000000e+02   0.0000000e+00   2.8664890e+02   3.7553506e+02
   0.0000000e+00   1.2000000e+02   0.0000000e+00   3.4188265e+02   1.0368809e+02
   3.0000000e+01   1.2000000e+02   0.0000000e+00   3.3592970e+02   1.2230257e+02
   6.0000000e+01   1.2000000e+02   0.0000000e+00   3.2965241e+02   1.4182420e+02
   9.0000000e+01   1.2000000e+02   0.0000000e+00   3.2292439e+02   1.6237291e+02
   1.2000000e+02   1.2000000e+02   0.0000000e+00   3.1606417e+02   1.8403621e+02
   1.5000000e+02   1.2000000e+02   0.0000000e+00   3.0867105e+02   2.0715433e+02
   1.8000000e+02   1.2000000e+02   0.0000000e+00   3.0060579e+02   2.3121668e+02
   2.1000000e+02   1.2000000e+02   0.0000000e+00   2.9260176e+02   2.5674253e+02
   2.4000000e+02   1.2000000e+02   0.0000000e+00   2.8367896e+02   2.8364591e+02
   2.7000000e+02   1.2000000e+02   0.0000000e+00   2.7480773e+02   3.1179052e+02
   3.0000000e+02   1.2000000e+02   0.0000000e+00   2.6516813e+02   3.4145905e+02
   3.3000000e+02   1.2000000e+02   0.0000000e+00   2.5536627e+02   3.7242178e+02
   0.0000000e+00   9.0000000e+01   0.0000000e+00   3.1763083e+02   1.0610947e+02
   3.0000000e+01   9.0000000e+01   0.0000000e+00   3.1106705e+02   1.2446083e+02
   6.0000000e+01   9.0000000e+01   0.0000000e+00   3.0441641e+02   1.4377531e+02
   9.0000000e+01   9.0000000e+01   0.0000000e+00   2.9697283e+02   1.6405267e+02
   1.2000000e+02   9.0000000e+01   0.0000000e+00   2.8972263e+02   1.8545248e+02
   1.5000000e+02   9.0000000e+01   0.0000000e+00   2.8163017e+02   2.0784581e+02
   1.8000000e+02   9.0000000e+01   0.0000000e+00   2.7316417e+02   2.3158480e+02
   2.1000000e+02   9.0000000e+01   0.0000000e+00   2.6436696e+02   2.5651229e+02
   2.4000000e+02   9.0000000e+01   0.0000000e+00   2.5536374e+02   2.8282707e+02
   2.7000000e+02   9.0000000e+01   0.0000000e+00   2.4560183e+02   3.1022750e+02
   3.0000000e+02   9.0000000e+01   0.0000000e+00   2.3578294e+02   3.3934520e+02
   3.3000000e+02   9.0000000e+01   0.0000000e+00   2.2506708e+02   3.6950536e+02
   0.0000000e+00   6.0000000e+01   0.0000000e+00   2.9394421e+02   1.0856303e+02
   3.0000000e+01   6.0000000e+01   0.0000000e+00   2.8690934e+02   1.2666740e+02
   6.0000000e+01   6.0000000e+01   0.0000000e+00   2.7963012e+02   1.4568836e+02
   9.0000000e+01   6.0000000e+01   0.0000000e+00   2.7188654e+02   1.6570995e+02
   1.2000000e+02   6.0000000e+01   0.0000000e+00   2.6397271e+02   1.8663882e+02
   1.5000000e+02   6.0000000e+01   0.0000000e+00   2.5563328e+02   2.0868730e+02
   1.8000000e+02   6.0000000e+01   0.0000000e+00   2.4663398e+02   2.3182177e+02
   2.1000000e+02   6.0000000e+01   0.0000000e+00   2.3758073e+02   2.5635630e+02
   2.4000000e+02   6.0000000e+01   0.0000000e+00   2.2778057e+02   2.8201802e+02
   2.7000000e+02   6.0000000e+01   0.0000000e+00   2.1800101e+02   3.0885933e+02
   3.0000000e+02   6.0000000e+01   0.0000000e+00   2.0749397e+02   3.3698326e+02
   3.3000000e+02   6.0000000e+01   0.0000000e+00   1.9681394e+02   3.6639331e+02
   0.0000000e+00   3.0000000e+01   0.0000000e+00   2.7132856e+02   1.1089763e+02
   3.0000000e+01   3.0000000e+01   0.0000000e+00   2.6380290e+02   1.2879470e+02
   6.0000000e+01   3.0000000e+01   0.0000000e+00   2.5620172e+02   1.4762027e+02
   9.0000000e+01   3.0000000e+01   0.0000000e+00   2.4789241e+02   1.6734844e+02
   1.2000000e+02   3.0000000e+01   0.0000000e+00   2.3973994e+02   1.8786720e+02
   1.5000000e+02   3.0000000e+01   0.0000000e+00   2.3079927e+02   2.0964297e+02
   1.8000000e+02   3.0000000e+01   0.0000000e+00   2.2155791e+02   2.3214199e+02
   2.1000000e+02   3.0000000e+01   0.0000000e+00   2.1199607e+02   2.5622026e+02
   2.4000000e+02   3.0000000e+01   0.0000000e+00   2.0199762e+02   2.8142601e+02
   2.7000000e+02   3.0000000e+01   0.0000000e+00   1.9158636e+02   3.0750621e+02
   3.0000000e+02   3.0000000e+01   0.0000000e+00   1.8089826e+02   3.3478980e+02
   3.3000000e+02   3.0000000e+01   0.0000000e+00   1.6961676e+02   3.6348230e+02
   0.0000000e+00   0.0000000e+00   0.0000000e+00   2.4925346e+02   1.1340985e+02
   3.0000000e+01   0.0000000e+00   0.0000000e+00   2.4151196e+02   1.3105375e+02
   6.0000000e+01   0.0000000e+00   0.0000000e+00   2.3337490e+02   1.4957075e+02
   9.0000000e+01   0.0000000e+00   0.0000000e+00   2.2482885e+02   1.6882128e+02
   1.2000000e+02   0.0000000e+00   0.0000000e+00   2.1619194e+02   1.8920997e+02
   1.5000000e+02   0.0000000e+00   0.0000000e+00   2.0733199e+02   2.1036880e+02
   1.8000000e+02   0.0000000e+00   0.0000000e+00   1.9731245e+02   2.3255420e+02
   2.1000000e+02   0.0000000e+00   0.0000000e+00   1.8746785e+02   2.5594565e+02
   2.4000000e+02   0.0000000e+00   0.0000000e+00   1.7721458e+02   2.8050918e+02
   2.7000000e+02   0.0000000e+00   0.0000000e+00   1.6673239e+02   3.0590855e+02
   3.0000000e+02   0.0000000e+00   0.0000000e+00   1.5532621e+02   3.3262430e+02
   3.3000000e+02   0.0000000e+00   0.0000000e+00   1.4436555e+02   3.6048305e+02
