   0.0000000e+00   3.6000000e+02   0.0000000e+00   4.6615677e+02   1.3043319e+02
   3.0000000e+01   3.6000000e+02   0.0000000e+00   4.7006695e+02   1.4971816e+02
   6.0000000e+01   3.6000000e+02   0.0000000e+00   4.7332138e+02   1.6918656e+02
   9.0000000e+01   3.6000000e+02   0.0000000e+00   4.7749835e+02   1.9010374e+02
   1.2000000e+02   3.6000000e+02   0.0000000e+00   4.8085672e+02   2.1137801e+02
   1.5000000e+02   3.6000000e+02   0.0000000e+00   4.8509151e+02   2.3400904e+02
   1.8000000e+02   3.6000000e+02   0.0000000e+00   4.8867698e+02   2.5714479e+02
   2.1000000e+02   3.6000000e+02   0.0000000e+00   4.9284680e+02   2.8175948e+02
   2.4000000e+02   3.6000000e+02   0.0000000e+00   4.9658906e+02   3.0691965e+02
   2.7000000e+02   3.6000000e+02   0.0000000e+00   5.0078481e+02   3.3350681e+02
   3.0000000e+02   3.6000000e+02   0.0000000e+00   5.0450427e+02   3.6050453e+02
   3.3000000e+02   3.6000000e+02   0.0000000e+00   5.0896723e+02   3.8911407e+02
   0.0000000e+00   3.3000000e+02   0.0000000e+00   4.4342650e+02   1.2836013e+02
   3.0000000e+01   3.3000000e+02   0.0000000e+00   4.4638206e+02   1.4718665e+02
   6.0000000e+01   3.3000000e+02   0.0000000e+00   4.4960767e+02   1.6744147e+02
   9.0000000e+01   3.3000000e+02   0.0000000e+00   4.5325081e+02   1.8797892e+02
   1.2000000e+02   3.3000000e+02   0.0000000e+00   4.5648481e+02   2.0968058e+02
   1.5000000e+02   3.3000000e+02   0.0000000e+00   4.5977908e+02   2.3235041e+02
   1.8000000e+02   3.3000000e+02   0.0000000e+00   4.6326771e+02   2.5586693e+02
   2.1000000e+02   3.3000000e+02   0.0000000e+00   4.6652531e+02   2.8039377e+02
   2.4000000e+02   3.3000000e+02   0.0000000e+00   4.7027641e+02   3.0612998e+02
   2.7000000e+02   3.3000000e+02   0.0000000e+00   4.7326391e+02   3.3242595e+02
   3.0000000e+02   3.3000000e+02   0.0000000e+00   4.7737697e+02   3.6034230e+02
   3.3000000e+02   3.3000000e+02   0.0000000e+00   4.8053050e+02   3.8887976e+02
   0.0000000e+00   3.0000000e+02   0.0000000e+00   4.1997834e+02   1.2591634e+02
   3.0000000e+01   3.0000000e+02   0.0000000e+00   4.2280212e+02   1.4529339e+02
   6.0000000e+01   3.0000000e+02   0.0000000e+00   4.2537760e+02   1.6514580e+02
   9.0000000e+01   3.0000000e+02   0.0000000e+00   4.2854354e+02   1.8606801e+02
   1.2000000e+02   3.0000000e+02   0.0000000e+00   4.3115759e+02   2.0777246e+02
   1.5000000e+02   3.0000000e+02   0.0000000e+00   4.3420618e+02   2.3060911e+02
   1.8000000e+02   3.0000000e+02   0.0000000e+00   4.3689102e+02   2.5425537e+02
   2.1000000e+02   3.0000000e+02   0.0000000e+00   4.4015963e+02   2.7942229e+02
   2.4000000e+02   3.0000000e+02   0.0000000e+00   4.4296480e+02   3.0506928e+02
   2.7000000e+02   3.0000000e+02   0.0000000e+00   4.4602665e+02   3.3192690e+02
   3.0000000e+02   3.0000000e+02   0.0000000e+00   4.4886266e+02   3.5977007e+02
   3.3000000e+02   3.0000000e+02   0.0000000e+00   4.5244298e+02   3.8874723e+02
   0.0000000e+00   2.7000000e+02   0.0000000e+00   3.9623469e+02   1.2372202e+02
   3.0000000e+01   2.7000000e+02   0.0000000e+00   3.9843596e+02   1.4281084e+02
   6.0000000e+01   2.7000000e+02   0.0000000e+00   4.0057171e+02   1.6320023e+02
   9.0000000e+01   2.7000000e+02   0.0000000e+00   4.0296488e+02   1.8406086e+02
   1.2000000e+02   2.7000000e+02   0.0000000e+00   4.0547032e+02   2.0591745e+02
   1.5000000e+02   2.7000000e+02   0.0000000e+00   4.0762968e+02   2.2883407e+02
   1.8000000e+02   2.7000000e+02   0.0000000e+00   4.1017773e+02   2.5279089e+02
   2.1000000e+02   2.7000000e+02   0.0000000e+00   4.1247806e+02   2.7785723e+02
   2.4000000e+02   2.7000000e+02   0.0000000e+00   4.1529315e+02   3.0386870e+02
   2.7000000e+02   2.7000000e+02   0.0000000e+00   4.1718843e+02   3.3096142e+02
   3.0000000e+02   2.7000000e+02   0.0000000e+00   4.2023211e+02   3.5932562e+02
   3.3000000e+02   2.7000000e+02   0.0000000e+00   4.2241874e+02   3.8835804e+02
   0.0000000e+00   2.4000000e+02   0.0000000e+00   3.7201958e+02   1.2142243e+02
   3.0000000e+01   2.4000000e+02   0.0000000e+00   3.7393319e+02   1.4079113e+02
   6.0000000e+01   2.4000000e+02   0.0000000e+00   3.7519847e+02   1.6099437e+02
   9.0000000e+01   2.4000000e+02   0.0000000e+00   3.7738149e+02   1.8209770e+02
   1.2000000e+02   2.4000000e+02   0.0000000e+00   3.7904180e+02   2.0414934e+02
   1.5000000e+02   2.4000000e+02   0.0000000e+00   3.8116256e+02   2.2733668e+02
   1.8000000e+02   2.4000000e+02   0.0000000e+00   3.8266384e+02   2.5125652e+02
   2.1000000e+02   2.4000000e+02   0.0000000e+00   3.8467674e+02   2.7650137e+02
   2.4000000e+02   2.4000000e+02   0.0000000e+00   3.8647534e+02   3.0261334e+02
   2.7000000e+02   2.4000000e+02   0.0000000e+00   3.8842732e+02   3.3005984e+02
   3.0000000e+02   2.4000000e+02   0.0000000e+00   3.9031033e+02   3.5835609e+02
   3.3000000e+02   2.4000000e+02   0.0000000e+00   3.9257974e+02   3.8795934e+02
   0.0000000e+00   2.1000000e+02   0.0000000e+00   3.4764974e+02   1.1944634e+02
   3.0000000e+01   2.1000000e+02   0.0000000e+00   3.4875599e+02   1.3877513e+02
   6.0000000e+01   2.1000000e+02   0.0000000e+00   3.4981132e+02   1.5916733e+02
   9.0000000e+01   2.1000000e+02   0.0000000e+00   3.5110276e+02   1.8020975e+02
   1.2000000e+02   2.1000000e+02   0.0000000e+00   3.5256496e+02   2.0231941e+02
   1.5000000e+02   2.1000000e+02   0.0000000e+00   3.5381981e+02   2.2558182e+02
   1.8000000e+02   2.1000000e+02   0.0000000e+00   3.5492299e+02   2.4973986e+02
   2.1000000e+02   2.1000000e+02   0.0000000e+00   3.5610914e+02   2.7520038e+02
   2.4000000e+02   2.1000000e+02   0.0000000e+00   3.5764402e+02   3.0153104e+02
   2.7000000e+02   2.1000000e+02   0.0000000e+00   3.5853546e+02   3.2894326e+02
   3.0000000e+02   2.1000000e+02   0.0000000e+00   3.6045659e+02   3.5764340e+02
   3.3000000e+02   2.1000000e+02   0.0000000e+00   3.6146390e+02   3.8747716e+02
   0.0000000e+00   1.8000000e+02   0.0000000e+00   3.2281677e+02   1.1731729e+02
   3.0000000e+01   1.8000000e+02   0.0000000e+00   3.2351279e+02   1.3669789e+02
   6.0000000e+01   1.8000000e+02   0.0000000e+00   3.2377084e+02   1.5709249e+02
   9.0000000e+01   1.8000000e+02   0.0000000e+00   3.2466627e+02   1.7830737e+02
   1.2000000e+02   1.8000000e+02   0.0000000e+00   3.2536264e+02   2.0049843e+02
   1.5000000e+02   1.8000000e+02   0.0000000e+00   3.2628169e+02   2.2381131e+02
   1.8000000e+02   1.8000000e+02   0.0000000e+00   3.2659748e+02   2.4808091e+02
   2.1000000e+02   1.8000000e+02   0.0000000e+00   3.2740836e+02   2.7369243e+02
   2.4000000e+02   1.8000000e+02   0.0000000e+00   3.2789141e+02   3.0016111e+02
   2.7000000e+02   1.8000000e+02   0.0000000e+00   3.2868830e+02   3.2781348e+02
   3.0000000e+02   1.8000000e+02   0.0000000e+00   3.2947125e+02   3.5644931e+02
   3.3000000e+02   1.8000000e+02   0.0000000e+00   3.3050691e+02   3.8653793e+02
   0.0000000e+00   1.5000000e+02   0.0000000e+00   2.9785927e+02   1.1542910e+02
   3.0000000e+01   1.5000000e+02   0.0000000e+00   2.9779151e+02   1.3476043e+02
   6.0000000e+01   1.5000000e+02   0.0000000e+00   2.9792318e+02   1.5526854e+02
   9.0000000e+01   1.5000000e+02   0.0000000e+00   2.9781408e+02   1.7647705e+02
   1.2000000e+02   1.5000000e+02   0.0000000e+00   2.9819874e+02   1.9869668e+02
   1.5000000e+02   1.5000000e+02   0.0000000e+00   2.9815178e+02   2.2217134e+02
   1.8000000e+02   1.5000000e+02   0.0000000e+00   2.9812216e+02   2.4644389e+02
   2.1000000e+02   1.5000000e+02   0.0000000e+00   2.9805347e+02   2.7209447e+02
   2.4000000e+02   1.5000000e+02   0.0000000e+00   2.9830773e+02   2.9869600e+02
   2.7000000e+02   1.5000000e+02   0.0000000e+00   2.9814426e+02   3.2646933e+02
   3.0000000e+02   1.5000000e+02   0.0000000e+00   2.9861495e+02   3.5555187e+02
   3.3000000e+02   1.5000000e+02   0.0000000e+00   2.9844119e+02   3.8564104e+02
   0.0000000e+00   1.2000000e+02   0.0000000e+00   2.7254172e+02   1.1353391e+02
   3.0000000e+01   1.2000000e+02   0.0000000e+00   2.7216051e+02   1.3301509e+02
   6.0000000e+01   1.2000000e+02   0.0000000e+00   2.7155131e+02   1.5350050e+02
   9.0000000e+01   1.2000000e+02   0.0000000e+00   2.7093194e+02   1.7466952e+02
   1.2000000e+02   1.2000000e+02   0.0000000e+00   2.7041974e+02   1.9701603e+02
   1.5000000e+02   1.2000000e+02   0.0000000e+00   2.6999257e+02   2.2041576e+02
   1.8000000e+02   1.2000000e+02   0.0000000e+00   2.6916839e+02   2.4477091e+02
   2.1000000e+02   1.2000000e+02   0.0000000e+00   2.6870435e+02   2.7047100e+02
   2.4000000e+02   1.2000000e+02   0.0000000e+00   2.6792182e+02   2.9740378e+02
   2.7000000e+02   1.2000000e+02   0.0000000e+00   2.6765489e+02   3.2531699e+02
   3.0000000e+02   1.2000000e+02   0.0000000e+00   2.6690758e+02   3.5422726e+02
   3.3000000e+02   1.2000000e+02   0.0000000e+00   2.6660375e+02   3.8443576e+02
   0.0000000e+00   9.0000000e+01   0.0000000e+00   2.4750286e+02   1.1177605e+02
   3.0000000e+01   9.0000000e+01   0.0000000e+00   2.4624556e+02   1.3137001e+02
   6.0000000e+01   9.0000000e+01   0.0000000e+00   2.4527002e+02   1.5171014e+02
   9.0000000e+01   9.0000000e+01   0.0000000e+00   2.4390106e+02   1.7313098e+02
   1.2000000e+02   9.0000000e+01   0.0000000e+00   2.4291995e+02   1.9546167e+02
   1.5000000e+02   9.0000000e+01   0.0000000e+00   2.4157806e+02   2.1876322e+02
   1.8000000e+02   9.0000000e+01   0.0000000e+00   2.4034838e+02   2.4334315e+02
   2.1000000e+02   9.0000000e+01   0.0000000e+00   2.3886048e+02   2.6889731e+02
   2.4000000e+02   9.0000000e+01   0.0000000e+00   2.3779800e+02   2.9579677e+02
   2.7000000e+02   9.0000000e+01   0.0000000e+00   2.3658551e+02   3.2371532e+02
   3.0000000e+02   9.0000000e+01   0.0000000e+00   2.3551784e+02   3.5283541e+02
   3.3000000e+02   9.0000000e+01   0.0000000e+00   2.3406296e+02   3.8330746e+02
   0.0000000e+00   6.0000000e+01   0.0000000e+00   2.2183949e+02   1.1023210e+02
   3.0000000e+01   6.0000000e+01   0.0000000e+00   2.2029707e+02   1.2965998e+02
   6.0000000e+01   6.0000000e+01   0.0000000e+00   2.1845456e+02   1.5010536e+02
   9.0000000e+01   6.0000000e+01   0.0000000e+00   2.1662206e+02   1.7142827e+02
   1.2000000e+02   6.0000000e+01   0.0000000e+00   2.1483417e+02   1.9372448e+02
   1.5000000e+02   6.0000000e+01   0.0000000e+00   2.1314661e+02   2.1722320e+02
   1.8000000e+02   6.0000000e+01   0.0000000e+00   2.1101528e+02   2.4163225e+02
   2.1000000e+02   6.0000000e+01   0.0000000e+00   2.0927689e+02   2.6740557e+02
   2.4000000e+02   6.0000000e+01   0.0000000e+00   2.0718951e+02   2.9420112e+02
   2.7000000e+02   6.0000000e+01   0.0000000e+00   2.0560367e+02   3.2198394e+02
   3.0000000e+02   6.0000000e+01   0.0000000e+00   2.0348109e+02   3.5138096e+02
   3.3000000e+02   6.0000000e+01   0.0000000e+00   2.0174635e+02   3.8172545e+02
   0.0000000e+00   3.0000000e+01   0.0000000e+00   1.9667817e+02   1.0857237e+02
   3.0000000e+01   3.0000000e+01   0.0000000e+00   1.9433557e+02   1.2811754e+02
   6.0000000e+01   3.0000000e+01   0.0000000e+00   1.9213965e+02   1.4842082e+02
   9.0000000e+01   3.0000000e+01   0.0000000e+00   1.8946541e+02   1.6980068e+02
   1.2000000e+02   3.0000000e+01   0.0000000e+00   1.8733598e+02   1.9201681e+02
   1.5000000e+02   3.0000000e+01   0.0000000e+00   1.8457462e+02   2.1554608e+02
   1.8000000e+02   3.0000000e+01   0.0000000e+00   1.8221265e+02   2.3984562e+02
   2.1000000e+02   3.0000000e+01   0.0000000e+00   1.7948212e+02   2.6566954e+02
   2.4000000e+02   3.0000000e+01   0.0000000e+00   1.7706436e+02   2.9242698e+02
   2.7000000e+02   3.0000000e+01   0.0000000e+00   1.7440665e+02   3.2035323e+02
   3.0000000e+02   3.0000000e+01   0.0000000e+00   1.7213517e+02   3.4966365e+02
   3.3000000e+02   3.0000000e+01   0.0000000e+00   1.6928988e+02   3.8000690e+02
   0.0000000e+00   0.0000000e+00   0.0000000e+00   1.7133738e+02   1.0728342e+02
   3.0000000e+01   0.0000000e+00   0.0000000e+00   1.6842909e+02   1.2656793e+02
   6.0000000e+01   0.0000000e+00   0.0000000e+00   1.6544329e+02   1.4698919e+02
   9.0000000e+01   0.0000000e+00   0.0000000e+00   1.6245769e+02   1.6813470e+02
   1.2000000e+02   0.0000000e+00   0.0000000e+00   1.5952812e+02   1.9049756e+02
   1.5000000e+02   0.0000000e+00   0.0000000e+00   1.5651860e+02   2.1385128e+02
   1.8000000e+02   0.0000000e+00   0.0000000e+00   1.5291090e+02   2.3824793e+02
   2.1000000e+02   0.0000000e+00   0.0000000e+00   1.4992713e+02   2.6386541e+02
   2.4000000e+02   0.0000000e+00   0.0000000e+00   1.4650856e+02   2.9069916e+02
   2.7000000e+02   0.0000000e+00   0.0000000e+00   1.4361173e+02   3.1856273e+02
   3.0000000e+02   0.0000000e+00   0.0000000e+00   1.4014703e+02   3.4780579e+02
   3.3000000e+02   0.0000000e+00   0.0000000e+00   1.3719269e+02   3.7815254e+02
